RESULT: 1.500000
RESULT: 1.000000
